hopperPath       
104       
3.4222E-05 0.0034222 0.34222 34.222 0 0.02 3.4222E-05 1.125
0.000239554 0.017111 1.02666 34.222 0 0.02 0.000239554 1.125
0.00085555 0.0444886 1.7111 34.222 0 0.02 0.00085555 1.125
0.002155986 0.085555 2.39554 34.222 0 0.02 0.002155986 1.125
0.004414638 0.1403102 3.07998 34.222 0 0.02 0.004414638 1.125
0.007905282 0.2087542 3.76442 34.222 0 0.02 0.007905282 1.125
0.012901694 0.290887 4.44886 34.222 0 0.02 0.012901694 1.125
0.01967765 0.3867086 5.1333 34.222 0 0.02 0.01967765 1.125
0.028506926 0.496219 5.81774 34.222 0 0.02 0.028506926 1.125
0.039663298 0.6194182 6.50218 34.222 0 0.02 0.039663298 1.125
0.053420542 0.7563062 7.18662 34.222 0 0.02 0.053420542 1.125
0.070052434 0.906883 7.87106 34.222 0 0.02 0.070052434 1.125
0.08983275 1.0711486 8.5555 34.222 0 0.02 0.08983275 1.125
0.113035266 1.249103 9.23994 34.222 0 0.02 0.113035266 1.125
0.139933758 1.4407462 9.92438 34.222 0 0.02 0.139933758 1.125
0.170802002 1.6460782 10.60882 34.222 0 0.02 0.170802002 1.125
0.205913774 1.865099 11.29326 34.222 0 0.02 0.205913774 1.125
0.24554285 2.0978086 11.9777 34.222 0 0.02 0.24554285 1.125
0.289928792 2.3407856 12.32 0 0 0.02 0.289928792 1.125
0.339208504 2.5871856 12.32 0 0 0.02 0.339208504 1.125
0.393416216 2.8335856 12.32 0 0 0.02 0.393416216 1.125
0.452551928 3.0799856 12.32 0 0 0.02 0.452551928 1.125
0.51661564 3.3263856 12.32 0 0 0.02 0.51661564 1.125
0.585607352 3.5727856 12.32 0 0 0.02 0.585607352 1.125
0.659527064 3.8191856 12.32 0 0 0.02 0.659527064 1.125
0.738374776 4.0655856 12.32 0 0 0.02 0.738374776 1.125
0.822133377 4.3102745 12.14889 -17.111 0 0.02 0.822133377 1.125
0.910717312 4.548119 11.63556 -34.222 0 0.02 0.910717312 1.125
1.00393836 4.7739858 10.95112 -34.222 0 0.02 1.00393836 1.125
1.101539856 4.9861638 10.26668 -34.222 0 0.02 1.101539856 1.125
1.203248024 5.184653 9.58224 -34.222 0 0.02 1.203248024 1.125
1.308789088 5.3694534 8.8978 -34.222 0 0.02 1.308789088 1.125
1.417889272 5.540565 8.21336 -34.222 0 0.02 1.417889272 1.125
1.5302748 5.6979878 7.52892 -34.222 0 0.02 1.5302748 1.125
1.645671896 5.8417218 6.84448 -34.222 0 0.02 1.645671896 1.125
1.763806784 5.971767 6.16004 -34.222 0 0.02 1.763806784 1.125
1.884405688 6.0881234 5.4756 -34.222 0 0.02 1.884405688 1.125
2.007194832 6.190791 4.79116 -34.222 0 0.02 2.007194832 1.125
2.13190044 6.2797698 4.10672 -34.222 0 0.02 2.13190044 1.125
2.258248736 6.3550598 3.42228 -34.222 0 0.02 2.258248736 1.125
2.385965944 6.416661 2.73784 -34.222 0 0.02 2.385965944 1.125
2.514778288 6.4645734 2.0534 -34.222 0 0.02 2.514778288 1.125
2.644411992 6.498797 1.36896 -34.222 0 0.02 2.644411992 1.125
2.77459328 6.5193318 0.684519999999996 -34.222 0 0.02 2.77459328 1.125
2.905048376 6.5261778 7.99999999958612E-05 -34.222 0 0.02 2.905048376 1.125
3.035503504 6.519335 -0.684360000000004 -34.222 0 0.02 3.035503504 1.125
3.165684888 6.4988034 -1.3688 -34.222 0 0.02 3.165684888 1.125
3.295318752 6.464583 -2.05324 -34.222 0 0.02 3.295318752 1.125
3.42413132 6.4166738 -2.73768 -34.222 0 0.02 3.42413132 1.125
3.551848816 6.3550758 -3.42212 -34.222 0 0.02 3.551848816 1.125
3.678197464 6.279789 -4.10656 -34.222 0 0.02 3.678197464 1.125
3.66462178527118 -0.678783936440919 -347.928646822046 -17191.1043411023 0.060145583611297 0.02 3.66464633281916 1.12418397508149
3.72002780103266 2.77030078807372 172.454236225732 26019.1441523889 0.089695458684083 0.02 3.71982961964175 1.12914698203459
3.77493580432303 2.74540016451879 -1.24503117774677 -8684.96337017394 0.118979727105617 0.02 3.77434943752707 1.1356645186158
3.82947030189829 2.72672487876298 -0.933764287790462 15.5633444978154 0.148064792479089 0.02 3.82828724153796 1.14370968637469
3.88375580051442 2.71427493080627 -0.622497397835264 15.5633444977599 0.177017058407689 0.02 3.88172443964916 1.15326903875995
3.93791680692739 2.70805032064878 -0.311230507874516 15.5633444980374 0.205902928494609 0.02 3.93474139114602 1.16434231603663
3.9920778278932 2.70805104829035 3.63820784610169E-05 15.5633444976488 0.23478880634304 0.02 3.98741642296792 1.17694220550519
4.04636337016782 2.71427711373111 0.311303272038099 15.5633444979819 0.263741095556172 0.02 4.03982485016405 1.19109412618324
4.10089794050724 2.72672851697107 0.622570161997738 15.5633444979819 0.292826199737196 0.02 4.09203798699881 1.20683603534255
4.15580604566744 2.74540525801004 0.933837051948494 15.5633444975378 0.322110522489303 0.02 4.14412213562292 1.22421825253098
4.21121219240441 2.77030733684822 1.24510394190924 15.5633444980374 0.351660467415684 0.02 4.19613753962236 1.24330329492058
4.26724088747412 2.80143475348553 1.55637083186555 15.5633444978154 0.38154243811953 0.02 4.24813729018704 1.26416571597916
4.32401663763256 2.83878750792197 1.86763772182186 15.5633444978154 0.411822838204031 0.02 4.30016617312561 1.28689193753528
4.38166394963571 2.88236560015758 2.17890461178039 15.5633444979264 0.442568071272378 0.02 4.35225944552106 1.3115800632706
4.44030733023956 2.93216903019227 2.49017150173447 15.5633444977044 0.473844540927763 0.02 4.40444153150856 1.33833965950521
4.50007128620008 2.98819779802617 2.80143839169522 15.5633444980374 0.505718650773375 0.02 4.45672462750568 1.36729148682246
4.56108032427326 3.0504519036592 3.11270528165153 15.5633444978154 0.538256804412407 0.02 4.5091072082851 1.39856716359375
4.62345895121509 3.11893134709136 3.42397217160784 15.5633444978154 0.571525405448048 0.02 4.56157242661214 1.4323087398024
4.68733167378154 3.19363612832264 3.73523906156414 15.5633444978154 0.605590857483489 0.02 4.61408640083885 1.46866815672522
4.7528229987286 3.27456624735305 4.04650595152045 15.5633444978154 0.640519564121922 0.02 4.66659638693274 1.50780656501863
4.82001074277876 3.35938720250795 4.24104775774481 9.72709031121788 0.67635302761534 0.02 4.71899347028658 1.54986293916762
4.88883265255403 3.44109548876332 4.08541431276888 -7.78167224879667 0.713058046162148 0.02 4.77104795375526 1.59488277941527
4.95908640457593 3.512687601095 3.57960561658377 -25.2904348092553 0.750526713907162 0.02 4.82242661186979 1.64279752832941
5.0305229853325 3.57182903782842 2.95707183667115 -31.1266889956308 0.788626223643998 0.02 4.87277657970173 1.6934736154861
5.10289338131177 3.61851979896359 2.33453805675854 -31.1266889956308 0.827223768166277 0.02 4.92176568023954 1.74674220137584
5.17594857900178 3.65275988450051 1.71200427684592 -31.1266889956308 0.866186540267615 0.02 4.96908620480859 1.80240035319601
5.24943956489056 3.67454929443909 1.08947049692887 -31.1266889958528 0.905381732741632 0.02 5.01445846143542 1.86021283744893
5.32311732546615 3.68388802877941 0.466936717016253 -31.1266889956308 0.944676538381946 0.02 5.05763399848087 1.91991447397818
5.39673284721658 3.68077608752144 -0.155597062898583 -31.1266889957418 0.983938149982175 0.02 5.09839841789919 1.98121298254139
5.47003711662988 3.66521347066517 -0.778130842813418 -31.1266889957418 1.02303376033594 0.02 5.13657370208733 2.04379224101713
5.5427811201941 3.63720017821074 -1.40066462272159 -31.1266889954087 1.06183056223685 0.02 5.17201999006103 2.10731586436653
5.61471584439726 3.59673621015788 -2.02319840264309 -31.1266889960748 1.10019574847854 0.02 5.20463675213896 2.17143100593025
5.68559227572739 3.54382156650681 -2.64573218255348 -31.1266889955197 1.13799651185461 0.02 5.23436332687262 2.23577227785349
5.75516140067254 3.47845624725744 -3.26826596246832 -31.1266889957418 1.17510004515869 0.02 5.26117879902729 2.29996568560503
5.82317420572073 3.40064025240974 -3.89079974238538 -31.1266889958528 1.21137354118439 0.02 5.28510121238007 2.36363247278565
5.88938167736001 3.31037358196395 -4.51333352228911 -31.1266889951867 1.24668419272534 0.02 5.30618612534625 2.42639277668927
5.95353480207841 3.20765623591965 -5.13586730221505 -31.1266889962969 1.28089919257515 0.02 5.32452453040402 2.48786900226526
6.01538456636395 3.09248821427719 -5.75840108212322 -31.1266889954087 1.31388573352744 0.02 5.34024016944854 2.54768883201761
6.07468195670468 2.96486951703647 -6.38093486203584 -31.1266889956308 1.34551100837583 0.02 5.35348628614095 2.60548780167791
6.13117795958863 2.82480014419741 -7.00346864195289 -31.1266889958528 1.37564220991393 0.02 5.364441862699 2.660911385865
6.18462356150383 2.67228009576006 -7.62600242186773 -31.1266889957418 1.40414653093538 0.02 5.37330739218873 2.71361655402662
6.23476974893832 2.5073093717245 -8.24853620177812 -31.1266889955197 1.43089116423377 0.02 5.38030023813357 2.76327277438024
6.28136750838013 2.32988797209055 -8.8710699816974 -31.1266889959638 1.45574330260274 0.02 5.38564963119689 2.80956246198829
6.3241678263173 2.14001589685848 -9.49360376160335 -31.1266889952977 1.47857013883589 0.02 5.38959134799019 2.85218088622293
6.36292168923786 1.93769314602794 -10.1161375415271 -31.1266889961859 1.49923886572686 0.02 5.39236211001327 2.89083557247282
6.39738008362984 1.72291971959928 -10.738671321433 -31.1266889952977 1.51761667606925 0.02 5.39419373177931 2.9252452528808
6.42729399598129 1.49569561757223 -11.3612051013523 -31.1266889959638 1.53357076265669 0.02 5.39530703687488 2.95513844113389
6.45241441278023 1.25602083994698 -11.9837388812627 -31.1266889955197 1.54696831828279 0.02 5.39590554973977 2.9802517269106
6.4724923205147 1.00389538672339 -12.6062726611798 -31.1266889958528 1.55767653574117 0.02 5.39616896013713 3.0003279066756
6.48727870567273 0.739319257901538 -13.2288064410924 -31.1266889956308 1.56556260782545 0.02 5.39624634756832 3.01511408932113
6.49652455474236 0.462292453481439 -13.851340221005 -31.1266889956308 1.57049372732926 0.02 5.39624914535727 3.02435993796745
6.49998085421162 0.172814973463087 -14.4738740009176 -31.1266889956308 1.5723370870462 0.02 5.39624382003053 3.02781623333419
6.49998085421162 0.172814973463087 -14.4738740009176 -31.1266889956308 1.5723370870462 0.02 5.39624382003053 3.02781623333419
3.4222E-05 0.0034222 0.34222 34.222 0 0.02 3.4222E-05 -1.125
0.000239554 0.017111 1.02666 34.222 0 0.02 0.000239554 -1.125
0.00085555 0.0444886 1.7111 34.222 0 0.02 0.00085555 -1.125
0.002155986 0.085555 2.39554 34.222 0 0.02 0.002155986 -1.125
0.004414638 0.1403102 3.07998 34.222 0 0.02 0.004414638 -1.125
0.007905282 0.2087542 3.76442 34.222 0 0.02 0.007905282 -1.125
0.012901694 0.290887 4.44886 34.222 0 0.02 0.012901694 -1.125
0.01967765 0.3867086 5.1333 34.222 0 0.02 0.01967765 -1.125
0.028506926 0.496219 5.81774 34.222 0 0.02 0.028506926 -1.125
0.039663298 0.6194182 6.50218 34.222 0 0.02 0.039663298 -1.125
0.053420542 0.7563062 7.18662 34.222 0 0.02 0.053420542 -1.125
0.070052434 0.906883 7.87106 34.222 0 0.02 0.070052434 -1.125
0.08983275 1.0711486 8.5555 34.222 0 0.02 0.08983275 -1.125
0.113035266 1.249103 9.23994 34.222 0 0.02 0.113035266 -1.125
0.139933758 1.4407462 9.92438 34.222 0 0.02 0.139933758 -1.125
0.170802002 1.6460782 10.60882 34.222 0 0.02 0.170802002 -1.125
0.205913774 1.865099 11.29326 34.222 0 0.02 0.205913774 -1.125
0.24554285 2.0978086 11.9777 34.222 0 0.02 0.24554285 -1.125
0.289928792 2.3407856 12.32 0 0 0.02 0.289928792 -1.125
0.339208504 2.5871856 12.32 0 0 0.02 0.339208504 -1.125
0.393416216 2.8335856 12.32 0 0 0.02 0.393416216 -1.125
0.452551928 3.0799856 12.32 0 0 0.02 0.452551928 -1.125
0.51661564 3.3263856 12.32 0 0 0.02 0.51661564 -1.125
0.585607352 3.5727856 12.32 0 0 0.02 0.585607352 -1.125
0.659527064 3.8191856 12.32 0 0 0.02 0.659527064 -1.125
0.738374776 4.0655856 12.32 0 0 0.02 0.738374776 -1.125
0.822133377 4.3102745 12.14889 -17.111 0 0.02 0.822133377 -1.125
0.910717312 4.548119 11.63556 -34.222 0 0.02 0.910717312 -1.125
1.00393836 4.7739858 10.95112 -34.222 0 0.02 1.00393836 -1.125
1.101539856 4.9861638 10.26668 -34.222 0 0.02 1.101539856 -1.125
1.203248024 5.184653 9.58224 -34.222 0 0.02 1.203248024 -1.125
1.308789088 5.3694534 8.8978 -34.222 0 0.02 1.308789088 -1.125
1.417889272 5.540565 8.21336 -34.222 0 0.02 1.417889272 -1.125
1.5302748 5.6979878 7.52892 -34.222 0 0.02 1.5302748 -1.125
1.645671896 5.8417218 6.84448 -34.222 0 0.02 1.645671896 -1.125
1.763806784 5.971767 6.16004 -34.222 0 0.02 1.763806784 -1.125
1.884405688 6.0881234 5.4756 -34.222 0 0.02 1.884405688 -1.125
2.007194832 6.190791 4.79116 -34.222 0 0.02 2.007194832 -1.125
2.13190044 6.2797698 4.10672 -34.222 0 0.02 2.13190044 -1.125
2.258248736 6.3550598 3.42228 -34.222 0 0.02 2.258248736 -1.125
2.385965944 6.416661 2.73784 -34.222 0 0.02 2.385965944 -1.125
2.514778288 6.4645734 2.0534 -34.222 0 0.02 2.514778288 -1.125
2.644411992 6.498797 1.36896 -34.222 0 0.02 2.644411992 -1.125
2.77459328 6.5193318 0.684519999999996 -34.222 0 0.02 2.77459328 -1.125
2.905048376 6.5261778 7.99999999958612E-05 -34.222 0 0.02 2.905048376 -1.125
3.035503504 6.519335 -0.684360000000004 -34.222 0 0.02 3.035503504 -1.125
3.165684888 6.4988034 -1.3688 -34.222 0 0.02 3.165684888 -1.125
3.295318752 6.464583 -2.05324 -34.222 0 0.02 3.295318752 -1.125
3.42413132 6.4166738 -2.73768 -34.222 0 0.02 3.42413132 -1.125
3.551848816 6.3550758 -3.42212 -34.222 0 0.02 3.551848816 -1.125
3.678197464 6.279789 -4.10656 -34.222 0 0.02 3.678197464 -1.125
3.802971932 6.1976578 -4.10656 34.222 0.06090920952497 0.02 3.80274055116356 -1.11740478410752
3.92617222 6.122371 -3.42212 34.222 0.0907910948522 0.02 3.92543341646743 -1.10623465578198
4.04800366 6.060773 -2.73768 34.222 0.120340969924987 0.02 4.0463837422392 -1.09160870390948
4.168740028 6.0128638 -2.05324 34.222 0.14962523834652 0.02 4.16577112427031 -1.07361082710169
4.2886551 5.9786434 -1.3688 34.222 0.178710303719992 0.02 4.2837764010466 -1.05229465611073
4.408022652 5.9581118 -0.684360000000005 34.222 0.207662569648593 0.02 4.40057940123415 -1.02768425957468
4.52711646 5.951269 7.99999999954171E-05 34.222 0.236548439735513 0.02 4.51635676016769 -0.999774794113739
4.6462103 5.958115 0.684519999999995 34.222 0.265434317583943 0.02 4.63127977407419 -0.968533097607465
4.765577948 5.9786498 1.36896 34.222 0.294386606797075 0.02 4.74551226168648 -0.933898228429688
4.88549318 6.0128734 2.0534 34.222 0.323471710978099 0.02 4.85920840383371 -0.895781957278786
5.006229772 6.0607858 2.73784 34.222 0.352756033730207 0.02 4.97251053254654 -0.85406922209015
5.1280615 6.122387 3.42228 34.222 0.382305978656588 0.02 5.08554684220574 -0.808618560421765
5.25126214 6.197677 4.10672 34.222 0.412187949360433 0.02 5.19842899633218 -0.75926253772763
5.376105468 6.2866558 4.79116 34.222 0.442468349444934 0.02 5.3112496048104 -0.705808194136855
5.50286526 6.3893234 5.4756 34.222 0.473213582513282 0.02 5.42407954772442 -0.648037536793327
5.631815292 6.5056798 6.16004 34.222 0.504490052168666 0.02 5.53696512363991 -0.585708109529562
5.76322934 6.635725 6.84448 34.222 0.536364162014279 0.02 5.649925002188 -0.518553676688942
5.89738118 6.779459 7.52892 34.222 0.56890231565331 0.02 5.76294696330425 -0.446285063302329
6.034544588 6.9368818 8.21336 34.222 0.602170916688951 0.02 5.87598440858196 -0.368591199585412
6.17499334 7.1079934 8.8978 34.222 0.636236368724393 0.02 5.98895263406136 -0.285140423852689
6.319001212 7.2927938 9.58224 34.222 0.671165075362825 0.02 6.10172485856299 -0.195582104423829
6.466739314 7.4810164 9.24002 -68.444 0.706998538856243 0.02 6.21405234041249 -0.099618134081244
6.618070758 7.652128 7.87114 -68.444 0.743703557403052 0.02 6.32542717362881 0.002836014049331
6.772550658 7.795862 6.50226 -68.444 0.781172225148065 0.02 6.4351215969541 0.111607209663528
6.929631462 7.9122184 5.13338 -68.444 0.819271734884902 0.02 6.54236906477688 0.226378110291206
7.088765618 8.0011972 3.7645 -68.444 0.857869279407181 0.02 6.64645087673873 0.346755251080357
7.249405574 8.0627984 2.39562 -68.444 0.896832051508519 0.02 6.74670440731949 0.472271883722305
7.411003778 8.097022 1.02674 -68.444 0.936027243982536 0.02 6.84253078384052 0.602392155390006
7.573012678 8.103868 -0.34214 -68.444 0.97532204962285 0.02 6.9334018129298 0.736516499755464
7.734884722 8.0833364 -1.71102 -68.444 1.01458366122308 0.02 7.0188659718609 0.873988082880624
7.896072358 8.0354272 -3.0799 -68.444 1.05367927157684 0.02 7.09855330310076 1.01410012104701
8.056028034 7.9601404 -4.44878 -68.444 1.09247607347775 0.02 7.17217907694842 1.15610386645518
8.214204198 7.857476 -5.81766 -68.444 1.13084125971944 0.02 7.23954611720331 1.29921704105854
8.370053298 7.727434 -7.18654 -68.444 1.16864202309551 0.02 7.30054571711748 1.44263248925406
8.523027782 7.5700144 -8.55542 -68.444 1.20574555639959 0.02 7.35515710612614 1.58552681715272
8.672580098 7.3852172 -9.9243 -68.444 1.2420190524253 0.02 7.4034454606485 1.72706878986219
8.818162694 7.1730424 -11.29318 -68.444 1.27732970396624 0.02 7.44555848327305 1.86642726855481
8.959228018 6.93349 -12.66206 -68.444 1.31154470381605 0.02 7.48172160263849 2.00277848575872
9.095228518 6.66656 -14.03094 -68.444 1.34453124476834 0.02 7.51223187018543 2.13531247979219
9.225616642 6.3722524 -15.39982 -68.444 1.37615651961673 0.02 7.53745064876259 2.26323853690064
9.349844838 6.0505672 -16.7687 -68.444 1.40628772115484 0.02 7.55779520112631 2.38578952168059
9.467365554 5.7015044 -18.13758 -68.444 1.43479204217628 0.02 7.57372929323032 2.50222501196587
9.577631238 5.325064 -19.50646 -68.444 1.46153667547467 0.02 7.58575292769118 2.61183319269313
9.680094338 4.921246 -20.87534 -68.444 1.48638881384364 0.02 7.59439131704677 2.71393150360448
9.774207302 4.4900504 -22.24422 -68.444 1.5092156500768 0.02 7.6001831947974 2.80786607735125
9.859422578 4.0314772 -23.6131 -68.444 1.52988437696776 0.02 7.60366854541425 2.89301004716023
9.935192614 3.5455264 -24.98198 -68.444 1.54826218731015 0.02 7.60537581347747 2.96876084643788
10.000969858 3.032198 -26.35086 -68.444 1.56421627389759 0.02 7.60580862809914 3.03453666646118
10.056206758 2.491492 -27.71974 -68.444 1.57761382952369 0.02 7.60543205329977 3.08977228280635
10.100355762 1.9234084 -29.08862 -68.444 1.58832204698207 0.02 7.60465834981783 3.13391450677744
10.132869318 1.3279472 -30.4575 -68.444 1.59620811906636 0.02 7.6038322110079 3.16641756537862
10.153199874 0.705108399999997 -31.82638 -68.444 1.60113923857016 0.02 7.60321541739721 3.18673876300354
10.160799878 0.054891999999997 -33.19526 -68.444 1.6029825982871 0.02 7.60297084383814 3.19433483070823
